1.184449203021e-03 -3.109434047234e-04 -7.282291220720e-04 -5.874674890908e-04 -8.202311693502e-04 -2.845420721161e-03 -4.702821310152e-04 1.064002997810e-03 2.564449464954e-03 2.848601250109e-03 -7.360589956101e-03 1.282319749629e-03 -9.632192244103e-04 -4.923832376218e-03 -1.306605812235e-03 4.657284892635e-02 -2.662658682026e-02 2.267435695428e-03 
-3.109434047234e-04 2.489497257131e-03 -2.600069425444e-04 -6.721722836101e-04 -1.041266621831e-03 1.789919506364e-03 -2.436347274209e-03 3.576966306417e-04 -3.207294993319e-03 -3.538209268325e-03 4.692559159568e-03 -1.717913669025e-04 -8.878999476031e-03 -9.556436772266e-03 2.514344398239e-02 -2.241447101357e-02 -1.168142776746e-02 1.905427571979e-02 
-7.282291220720e-04 -2.600069425444e-04 8.480891460660e-03 -4.497536621446e-03 4.115388526882e-04 -2.755599278980e-03 -3.425190026371e-03 -1.519442019465e-03 1.203982788721e-02 -9.784756852038e-03 3.616930202900e-03 -1.836633010704e-02 -7.407736682336e-03 -1.678282072158e-02 -4.537643517308e-03 -7.459023950037e-04 -6.352524830467e-04 3.399532532076e-02 
-5.874674890908e-04 -6.721722836101e-04 -4.497536621446e-03 3.487932611987e-02 -1.170784134811e-02 -6.107718638856e-04 8.062048758792e-04 -9.360218208718e-03 -1.406967430418e-02 -2.523944986212e-02 7.088736794239e-03 -4.789127056010e-02 -9.170106766590e-03 2.731554949899e-02 -8.672187646217e-02 1.141632853237e-01 -9.719050053576e-04 3.990813624064e-02 
-8.202311693502e-04 -1.041266621831e-03 4.115388526882e-04 -1.170784134811e-02 7.937860676334e-02 -1.503292684623e-02 -4.886336421465e-04 -2.333215625950e-02 -1.713086782705e-02 -3.160563097114e-02 -7.975141422462e-02 1.126949045720e-01 5.950639286592e-02 -2.252623100611e-02 -3.308563576973e-03 -2.321329011605e-02 -1.236024769685e-01 -9.042208284280e-02 
-2.845420721161e-03 1.789919506364e-03 -2.755599278980e-03 -6.107718638856e-04 -1.503292684623e-02 1.719061088661e-01 -4.489302309415e-02 -3.548560429929e-02 -3.324650253182e-02 1.068201551497e-02 4.044204945370e-02 -6.758695726758e-02 -1.654291201248e-02 -4.736543740649e-02 -1.184331467017e-01 3.560950212301e-01 -3.750297829866e-01 5.647627878992e-02 
-4.702821310152e-04 -2.436347274209e-03 -3.425190026371e-03 8.062048758792e-04 -4.886336421464e-04 -4.489302309415e-02 4.449943706254e-01 -1.238085931490e-01 -9.275181381007e-02 -7.650034861478e-02 -1.509554485243e-01 -2.727559158678e-01 6.098040181445e-02 6.500479257497e-01 -3.473460342455e-01 -2.222971535788e-01 -4.013285800861e-01 3.662748553996e-01 
1.064002997810e-03 3.576966306417e-04 -1.519442019465e-03 -9.360218208718e-03 -2.333215625950e-02 -3.548560429929e-02 -1.238085931490e-01 6.641095317964e-01 -8.075962456058e-02 -1.568123590341e-01 -8.009330678496e-02 -2.549524940520e-01 -2.715119496296e-02 -1.299343903576e-01 -6.473059712173e-02 8.798095200508e-02 3.312638900035e-01 -2.217616841313e-01 
2.564449464954e-03 -3.207294993319e-03 1.203982788721e-02 -1.406967430418e-02 -1.713086782705e-02 -3.324650253182e-02 -9.275181381007e-02 -8.075962456058e-02 1.243968753693e+00 -3.461207041799e-01 1.028150202971e-01 -9.555151731173e-01 -4.479625287932e-01 -4.021080362585e-01 2.471794514272e-01 5.870888755219e-01 4.217073889636e-01 -5.003463166695e-01 
2.848601250109e-03 -3.538209268325e-03 -9.784756852038e-03 -2.523944986212e-02 -3.160563097114e-02 1.068201551497e-02 -7.650034861478e-02 -1.568123590341e-01 -3.461207041799e-01 2.102717751659e+00 -5.340617164673e-01 -2.035066480508e-01 -7.146435759050e-01 -2.720837095292e-01 8.250659077102e-02 -1.645800524708e-01 1.266329586042e+00 -1.343559153492e+00 
-7.360589956101e-03 4.692559159568e-03 3.616930202900e-03 7.088736794239e-03 -7.975141422462e-02 4.044204945370e-02 -1.509554485243e-01 -8.009330678496e-02 1.028150202971e-01 -5.340617164673e-01 4.238299864160e+00 -2.193342124138e+00 -6.444906740643e-01 -1.190230299027e+00 -9.711533213002e-03 -2.230210476983e-01 1.420422544047e+00 -8.614462589961e-01 
1.282319749629e-03 -1.717913669025e-04 -1.836633010704e-02 -4.789127056010e-02 1.126949045720e-01 -6.758695726758e-02 -2.727559158678e-01 -2.549524940520e-01 -9.555151731173e-01 -2.035066480508e-01 -2.193342124138e+00 8.897534191041e+00 -1.750278756085e+00 -5.709127341886e-01 -8.798496407388e-01 5.080161421668e-01 -1.903455579119e+00 8.923288232198e-01 
-9.632192244103e-04 -8.878999476031e-03 -7.407736682336e-03 -9.170106766590e-03 5.950639286592e-02 -1.654291201248e-02 6.098040181445e-02 -2.715119496296e-02 -4.479625287932e-01 -7.146435759050e-01 -6.444906740643e-01 -1.750278756085e+00 1.018958653360e+01 -3.310350087737e+00 -1.603509282267e+00 -7.972756749856e-01 -4.018450767755e+00 3.661817765257e+00 
-4.923832376218e-03 -9.556436772266e-03 -1.678282072158e-02 2.731554949899e-02 -2.252623100611e-02 -4.736543740649e-02 6.500479257497e-01 -1.299343903576e-01 -4.021080362585e-01 -2.720837095292e-01 -1.190230299027e+00 -5.709127341886e-01 -3.310350087737e+00 1.687597664826e+01 -9.896886444804e+00 -1.676330466876e+00 2.952798814600e-01 3.259296839715e-01 
-1.306605812235e-03 2.514344398239e-02 -4.537643517308e-03 -8.672187646217e-02 -3.308563576973e-03 -1.184331467017e-01 -3.473460342455e-01 -6.473059712173e-02 2.471794514272e-01 8.250659077102e-02 -9.711533212999e-03 -8.798496407388e-01 -1.603509282267e+00 -9.896886444804e+00 3.050610224365e+01 -1.906970779094e+01 2.002842734388e+00 -1.139816877592e+00 
4.657284892635e-02 -2.241447101357e-02 -7.459023950038e-04 1.141632853237e-01 -2.321329011605e-02 3.560950212301e-01 -2.222971535788e-01 8.798095200507e-02 5.870888755219e-01 -1.645800524708e-01 -2.230210476983e-01 5.080161421668e-01 -7.972756749856e-01 -1.676330466876e+00 -1.906970779094e+01 4.679292166063e+01 -3.000347637283e+01 3.620842193114e+00 
-2.662658682026e-02 -1.168142776746e-02 -6.352524830467e-04 -9.719050053582e-04 -1.236024769685e-01 -3.750297829866e-01 -4.013285800861e-01 3.312638900035e-01 4.217073889637e-01 1.266329586042e+00 1.420422544047e+00 -1.903455579119e+00 -4.018450767755e+00 2.952798814600e-01 2.002842734388e+00 -3.000347637283e+01 6.279702120019e+01 -3.190460993455e+01 
2.267435695427e-03 1.905427571979e-02 3.399532532076e-02 3.990813624064e-02 -9.042208284280e-02 5.647627878992e-02 3.662748553996e-01 -2.217616841313e-01 -5.003463166695e-01 -1.343559153492e+00 -8.614462589961e-01 8.923288232198e-01 3.661817765257e+00 3.259296839715e-01 -1.139816877592e+00 3.620842193113e+00 -3.190460993455e+01 3.462529055646e+01 
